1.000000000000000000e+00 1.049999999999999935e-03
9.940639999999999477e-01 2.152522950617287607e-03
9.832629999999999981e-01 4.135782447482638791e-03
9.703760000000000163e-01 6.466900589506172428e-03
9.560809999999999587e-01 9.006909791618444849e-03
9.410680000000000156e-01 1.162401443749999999e-02
9.257490000000000441e-01 1.424244314231288416e-02
9.103069999999999773e-01 1.682871594092399947e-02
8.948150000000000270e-01 1.937195465735918123e-02
8.792999999999999705e-01 2.186637451774691571e-02
8.637749999999999595e-01 2.431014030550733215e-02
8.482410000000000228e-01 2.670515229161844056e-02
8.327029999999999710e-01 2.904910348143325757e-02
8.171599999999999975e-01 3.134402770061728294e-02
8.016130000000000200e-01 3.358885215234375110e-02
7.860629999999999562e-01 3.578451003235918332e-02
7.705109999999999459e-01 3.792994053235918678e-02
7.549569999999999892e-01 4.002513465234375234e-02
7.394020000000000037e-01 4.207103908159721961e-02
7.238459999999999894e-01 4.406564931925154721e-02
7.082910000000000039e-01 4.600987824647954916e-02
6.927349999999999897e-01 4.790280998143325863e-02
6.771810000000000329e-01 4.974432509833140448e-02
6.616279999999999939e-01 5.153246940663580578e-02
6.460780000000000411e-01 5.326817678993055194e-02
6.305300000000000349e-01 5.494949455536265320e-02
6.149869999999999504e-01 5.657533477194251481e-02
5.994469999999999521e-01 5.814478154856288911e-02
5.839119999999999866e-01 5.965678975000000134e-02
5.683829999999999716e-01 6.111035403698880653e-02
5.528610000000000468e-01 6.250447505203510223e-02
5.373449999999999616e-01 6.383620905550732583e-02
5.218369999999999953e-01 6.510553633444252086e-02
5.063379999999999548e-01 6.630947095659722734e-02
4.908489999999999798e-01 6.744603294748263700e-02
4.753709999999999880e-01 6.851424828120178390e-02
4.599039999999999795e-01 6.951216622222222696e-02
4.444500000000000117e-01 7.043580427758487639e-02
4.290089999999999737e-01 7.128322057865547901e-02
4.135840000000000072e-01 7.205343455555555943e-02
3.981759999999999744e-01 7.274150622222222418e-02
3.827860000000000151e-01 7.334450145659722475e-02
3.674160000000000204e-01 7.386048355246913055e-02
3.520679999999999921e-01 7.428552755478394498e-02
3.367439999999999878e-01 7.461572021913580322e-02
3.214469999999999827e-01 7.484615596985919050e-02
3.061789999999999790e-01 7.497394926499807710e-02
2.909450000000000092e-01 7.499322294439622616e-02
2.757459999999999911e-01 7.489522942729592847e-02
2.605890000000000151e-01 7.458685110937500473e-02
2.454770000000000008e-01 7.402994976753826672e-02
2.304190000000000127e-01 7.322111110937500056e-02
2.154200000000000004e-01 7.215309681122449026e-02
2.004910000000000025e-01 7.082015781855867387e-02
1.856420000000000015e-01 6.921789535586735098e-02
1.708890000000000131e-01 6.733769568845662801e-02
1.562520000000000020e-01 6.517284709693876854e-02
1.417549999999999921e-01 6.271871427774233787e-02
1.274349999999999927e-01 5.996878085937500102e-02
1.133470000000000033e-01 5.692174285427295533e-02
9.957000000000000572e-02 5.358194614158162672e-02
8.623200000000000309e-02 4.996841140816326438e-02
7.352000000000000202e-02 4.612997755102040548e-02
6.169700000000000184e-02 4.215350771396683682e-02
5.105200000000000016e-02 3.817133587244897486e-02
4.180699999999999694e-02 3.433019347927295656e-02
3.401400000000000257e-02 3.074300248852041006e-02
2.755799999999999916e-02 2.745590198852040573e-02
2.223299999999999929e-02 2.446155539253826519e-02
1.782600000000000157e-02 2.172388575382653078e-02
1.415100000000000038e-02 1.919610880070153278e-02
1.106500000000000018e-02 1.683385133131377540e-02
8.463999999999999302e-03 1.459958440816326412e-02
6.270999999999999665e-03 1.246128142825255088e-02
4.438000000000000105e-03 1.039321943749999845e-02
2.935000000000000109e-03 8.377360259885203997e-03
1.747000000000000072e-03 6.404991068558673131e-03
8.710000000000000294e-04 4.480293800701530896e-03
3.029999999999999924e-04 2.617077867028061531e-03
3.199999999999999855e-05 8.427139591836733858e-04
3.199999999999999855e-05 -8.312860408163265380e-04
3.029999999999999924e-04 -2.508922132971938817e-03
8.710000000000000294e-04 -4.169706199298468807e-03
1.747000000000000072e-03 -5.783008931441326050e-03
2.935000000000000109e-03 -7.334639740114796275e-03
4.438000000000000105e-03 -8.820780562499999991e-03
6.270999999999999665e-03 -1.024671857174744814e-02
8.463999999999999302e-03 -1.162241559183673466e-02
1.106500000000000018e-02 -1.296014866868622564e-02
1.415100000000000038e-02 -1.426989119929846991e-02
1.782600000000000157e-02 -1.556011424617346865e-02
2.223299999999999929e-02 -1.683644460746173618e-02
2.755700000000000163e-02 -1.809825900797193757e-02
3.401400000000000257e-02 -1.933299751147959239e-02
4.180699999999999694e-02 -2.051380652072704036e-02
5.105200000000000016e-02 -2.160066412755102042e-02
6.169700000000000184e-02 -2.254649228603316027e-02
7.352000000000000202e-02 -2.332002244897959237e-02
8.623100000000000209e-02 -2.391371216868622834e-02
9.957000000000000572e-02 -2.434405385841836508e-02
1.133470000000000033e-01 -2.463425714572704470e-02
1.274349999999999927e-01 -2.481321914062499870e-02
1.417549999999999921e-01 -2.490728572225765075e-02
1.562510000000000010e-01 -2.493923182429846896e-02
1.708890000000000131e-01 -2.493030431154336785e-02
1.856420000000000015e-01 -2.489610464413265570e-02
2.004900000000000015e-01 -2.485189288903060650e-02
2.154200000000000004e-01 -2.481290318877550638e-02
2.304180000000000117e-01 -2.478892051147959033e-02
2.454770000000000008e-01 -2.479005023246173486e-02
2.605890000000000151e-01 -2.482714889062499763e-02
2.757459999999999911e-01 -2.490677057270408029e-02
2.909439999999999804e-01 -2.500477599999999939e-02
3.061789999999999790e-01 -2.504005073500193204e-02
3.214469999999999827e-01 -2.501184403014081875e-02
3.367439999999999878e-01 -2.492627978086419879e-02
3.520679999999999921e-01 -2.478647244521604495e-02
3.674160000000000204e-01 -2.459751644753086636e-02
3.827860000000000151e-01 -2.436349854340277843e-02
3.981759999999999744e-01 -2.408849377777777523e-02
4.135840000000000072e-01 -2.377456544444444056e-02
4.290089999999999737e-01 -2.342477942134451804e-02
4.444489999999999830e-01 -2.304417986115932931e-02
4.599030000000000062e-01 -2.263381642597414936e-02
4.753709999999999880e-01 -2.219575171879822201e-02
4.908489999999999798e-01 -2.173396705251735492e-02
5.063379999999999548e-01 -2.125052904340277507e-02
5.218369999999999953e-01 -2.074646366555748384e-02
5.373449999999999616e-01 -2.022379094449266654e-02
5.528600000000000181e-01 -1.968549863040123388e-02
5.683829999999999716e-01 -1.913164596301118389e-02
5.839119999999999866e-01 -1.856521024999999853e-02
5.994469999999999521e-01 -1.798721845143711612e-02
6.149860000000000326e-01 -1.739863291840277465e-02
6.305300000000000349e-01 -1.680050544463734113e-02
6.460780000000000411e-01 -1.619382321006944403e-02
6.616279999999999939e-01 -1.557953059336419921e-02
6.771810000000000329e-01 -1.495967490166859315e-02
6.927349999999999897e-01 -1.433319001856674102e-02
7.082899999999999752e-01 -1.370208044463734273e-02
7.238459999999999894e-01 -1.306635068074845502e-02
7.394020000000000037e-01 -1.242696091840277649e-02
7.549569999999999892e-01 -1.178286534765624928e-02
7.705109999999999459e-01 -1.113605946764081173e-02
7.860629999999999562e-01 -1.048548996764081358e-02
8.016130000000000200e-01 -9.831147847656249161e-03
8.171589999999999687e-01 -9.173920490017358625e-03
8.327029999999999710e-01 -8.512896518566740595e-03
8.482410000000000228e-01 -7.848847708381560817e-03
8.637740000000000418e-01 -7.179803389081791318e-03
8.792999999999999705e-01 -6.507625482253083342e-03
8.948139999999999983e-01 -5.829986043402775840e-03
9.103059999999999485e-01 -5.147223265624995339e-03
9.257490000000000441e-01 -4.461556857687115109e-03
9.410680000000000156e-01 -3.773985562500001105e-03
9.560800000000000409e-01 -3.093025000000002283e-03
9.703760000000000163e-01 -2.437099410493828461e-03
9.832619999999999694e-01 -1.838149722415121290e-03
9.940630000000000299e-01 -1.331408177517363293e-03
1.000000000000000000e+00 -1.049999999999999935e-03
