1.000000000000000000e+00 1.259999999999999835e-03
9.940639999999999477e-01 2.500922950617287619e-03
9.832629999999999981e-01 4.733182447482638458e-03
9.703760000000000163e-01 7.357300589506171953e-03
9.560809999999999587e-01 1.021690979161844412e-02
9.410680000000000156e-01 1.316381443749999915e-02
9.257490000000000441e-01 1.611284314231288192e-02
9.103069999999999773e-01 1.902631594092399694e-02
8.948150000000000270e-01 2.189215465735917798e-02
8.792999999999999705e-01 2.470377451774691605e-02
8.637749999999999595e-01 2.745914030550733118e-02
8.482410000000000228e-01 3.016055229161844140e-02
8.327029999999999710e-01 3.280530348143325531e-02
8.171599999999999975e-01 3.539582770061728417e-02
8.016130000000000200e-01 3.793085215234374974e-02
7.860629999999999562e-01 4.041151003235918249e-02
7.705109999999999459e-01 4.283654053235918385e-02
7.549569999999999892e-01 4.520593465234375163e-02
7.394020000000000037e-01 4.752083908159722425e-02
7.238459999999999894e-01 4.977884931925154882e-02
7.082910000000000039e-01 5.198107824647954511e-02
6.927349999999999897e-01 5.412640998143325444e-02
6.771810000000000329e-01 5.621472509833140563e-02
6.616279999999999939e-01 5.824366940663580627e-02
6.460780000000000411e-01 6.021437678993055154e-02
6.305300000000000349e-01 6.212449455536265402e-02
6.149869999999999504e-01 6.397273477194251323e-02
5.994469999999999521e-01 6.575798154856288269e-02
5.839119999999999866e-01 6.747898974999999577e-02
5.683829999999999716e-01 6.913455403698880175e-02
5.528610000000000468e-01 7.072347505203510631e-02
5.373449999999999616e-01 7.224220905550732263e-02
5.218369999999999953e-01 7.369073633444250815e-02
5.063379999999999548e-01 7.506547095659722724e-02
4.908489999999999798e-01 7.636403294748263237e-02
4.753709999999999880e-01 7.758524828120177963e-02
4.599039999999999795e-01 7.872676622222221643e-02
4.444500000000000117e-01 7.978380427758487159e-02
4.290089999999999737e-01 8.075402057865548044e-02
4.135840000000000072e-01 8.163623455555554798e-02
3.981759999999999744e-01 8.242450622222222134e-02
3.827860000000000151e-01 8.311530145659722091e-02
3.674160000000000204e-01 8.370628355246913233e-02
3.520679999999999921e-01 8.419272755478394987e-02
3.367439999999999878e-01 8.456992021913579960e-02
3.214469999999999827e-01 8.483195596985917963e-02
3.061789999999999790e-01 8.497534926499807073e-02
2.909450000000000092e-01 8.499302294439621541e-02
2.757459999999999911e-01 8.487542942729592310e-02
2.605890000000000151e-01 8.452825110937500774e-02
2.454770000000000008e-01 8.391194976753826862e-02
2.304190000000000127e-01 8.302211110937499083e-02
2.154200000000000004e-01 8.184969681122448992e-02
2.004910000000000025e-01 8.038735781855867180e-02
1.856420000000000015e-01 7.862929535586735130e-02
1.708890000000000131e-01 7.656449568845663523e-02
1.562520000000000020e-01 7.418404709693876553e-02
1.417549999999999921e-01 7.148131427774234714e-02
1.274349999999999927e-01 6.844698085937499232e-02
1.133470000000000033e-01 6.507734285427295429e-02
9.957000000000000572e-02 6.137454614158162347e-02
8.623200000000000309e-02 5.735661140816326192e-02
7.352000000000000202e-02 5.307497755102040526e-02
6.169700000000000184e-02 4.862350771396682647e-02
5.105200000000000016e-02 4.414853587244897681e-02
4.180699999999999694e-02 3.981459347927295694e-02
3.401400000000000257e-02 3.575060248852041100e-02
2.755799999999999916e-02 3.201130198852040337e-02
2.223299999999999929e-02 2.859135539253826463e-02
1.782600000000000157e-02 2.545228575382653055e-02
1.415100000000000038e-02 2.254270880070153096e-02
1.106500000000000018e-02 1.981325133131377550e-02
8.463999999999999302e-03 1.722178440816326400e-02
6.270999999999999665e-03 1.473208142825255078e-02
4.438000000000000105e-03 1.231461943749999864e-02
2.935000000000000109e-03 9.948560259885204024e-03
1.747000000000000072e-03 7.623791068558673049e-03
8.710000000000000294e-04 5.345293800701530346e-03
3.029999999999999924e-04 3.129677867028061305e-03
3.199999999999999855e-05 1.010113959183673443e-03
3.199999999999999855e-05 -9.986860408163263786e-04
3.029999999999999924e-04 -3.021522132971938591e-03
8.710000000000000294e-04 -5.034706199298468257e-03
1.747000000000000072e-03 -7.001808931441325969e-03
2.935000000000000109e-03 -8.905839740114796302e-03
4.438000000000000105e-03 -1.074218056250000018e-02
6.270999999999999665e-03 -1.251751857174744804e-02
8.463999999999999302e-03 -1.424461559183673454e-02
1.106500000000000018e-02 -1.593954866868622575e-02
1.415100000000000038e-02 -1.761649119929846810e-02
1.782600000000000157e-02 -1.928851424617346669e-02
2.223299999999999929e-02 -2.096624460746173563e-02
2.755700000000000163e-02 -2.265365900797193521e-02
3.401400000000000257e-02 -2.434059751147958986e-02
4.180699999999999694e-02 -2.599820652072703728e-02
5.105200000000000016e-02 -2.757786412755101890e-02
6.169700000000000184e-02 -2.901649228603315686e-02
7.352000000000000202e-02 -3.026502244897959215e-02
8.623100000000000209e-02 -3.130191216868622589e-02
9.957000000000000572e-02 -3.213665385841836530e-02
1.133470000000000033e-01 -3.278985714572704713e-02
1.274349999999999927e-01 -3.329141914062500041e-02
1.417549999999999921e-01 -3.366988572225764614e-02
1.562510000000000010e-01 -3.395043182429846595e-02
1.708890000000000131e-01 -3.415710431154336812e-02
1.856420000000000015e-01 -3.430750464413265255e-02
2.004900000000000015e-01 -3.441909288903060443e-02
2.154200000000000004e-01 -3.450950318877550604e-02
2.304180000000000117e-01 -3.458992051147959101e-02
2.454770000000000008e-01 -3.467205023246172635e-02
2.605890000000000151e-01 -3.476854889062499371e-02
2.757459999999999911e-01 -3.488697057270407492e-02
2.909439999999999804e-01 -3.500457599999999558e-02
3.061789999999999790e-01 -3.504145073500193608e-02
3.214469999999999827e-01 -3.499764403014081482e-02
3.367439999999999878e-01 -3.488047978086419865e-02
3.520679999999999921e-01 -3.469367244521603943e-02
3.674160000000000204e-01 -3.444331644753086119e-02
3.827860000000000151e-01 -3.413429854340277458e-02
3.981759999999999744e-01 -3.377149377777777239e-02
4.135840000000000072e-01 -3.335736544444443952e-02
4.290089999999999737e-01 -3.289557942134450907e-02
4.444489999999999830e-01 -3.239217986115932452e-02
4.599030000000000062e-01 -3.184841642597414924e-02
4.753709999999999880e-01 -3.126675171879821774e-02
4.908489999999999798e-01 -3.065196705251735029e-02
5.063379999999999548e-01 -3.000652904340277496e-02
5.218369999999999953e-01 -2.933166366555748500e-02
5.373449999999999616e-01 -2.862979094449266335e-02
5.528600000000000181e-01 -2.790449863040123102e-02
5.683829999999999716e-01 -2.715584596301117912e-02
5.839119999999999866e-01 -2.638741024999999990e-02
5.994469999999999521e-01 -2.560041845143711664e-02
6.149860000000000326e-01 -2.479603291840277307e-02
6.305300000000000349e-01 -2.397550544463734196e-02
6.460780000000000411e-01 -2.314002321006944363e-02
6.616279999999999939e-01 -2.229073059336419971e-02
6.771810000000000329e-01 -2.143007490166859430e-02
6.927349999999999897e-01 -2.055679001856673682e-02
7.082899999999999752e-01 -1.967328044463733869e-02
7.238459999999999894e-01 -1.877955068074845663e-02
7.394020000000000037e-01 -1.787676091840277592e-02
7.549569999999999892e-01 -1.696366534765624684e-02
7.705109999999999459e-01 -1.604265946764080880e-02
7.860629999999999562e-01 -1.511248996764081275e-02
8.016130000000000200e-01 -1.417314784765624780e-02
8.171589999999999687e-01 -1.322572049001735639e-02
8.327029999999999710e-01 -1.226909651856673833e-02
8.482410000000000228e-01 -1.130424770838156165e-02
8.637740000000000418e-01 -1.032880338908179034e-02
8.792999999999999705e-01 -9.345025482253081078e-03
8.948139999999999983e-01 -8.350186043402773456e-03
9.103059999999999485e-01 -7.344823265624994546e-03
9.257490000000000441e-01 -6.331956857687114602e-03
9.410680000000000156e-01 -5.313785562500001128e-03
9.560800000000000409e-01 -4.303025000000001987e-03
9.703760000000000163e-01 -3.327499410493827987e-03
9.832619999999999694e-01 -2.435549722415121174e-03
9.940630000000000299e-01 -1.679808177517363305e-03
1.000000000000000000e+00 -1.259999999999999835e-03
