1.000000000000000000e+00 9.449999999999999850e-04
9.940639999999999477e-01 1.978322950617287385e-03
9.832629999999999981e-01 3.837082447482639391e-03
9.703760000000000163e-01 6.021700589506172666e-03
9.560809999999999587e-01 8.401909791618443479e-03
9.410680000000000156e-01 1.085411443749999955e-02
9.257490000000000441e-01 1.330724314231288355e-02
9.103069999999999773e-01 1.572991594092399900e-02
8.948150000000000270e-01 1.811185465735918113e-02
8.792999999999999705e-01 2.044767451774691727e-02
8.637749999999999595e-01 2.273564030550733264e-02
8.482410000000000228e-01 2.497745229161844188e-02
8.327029999999999710e-01 2.717100348143325697e-02
8.171599999999999975e-01 2.931812770061728579e-02
8.016130000000000200e-01 3.141785215234375178e-02
7.860629999999999562e-01 3.347101003235918720e-02
7.705109999999999459e-01 3.547664053235918824e-02
7.549569999999999892e-01 3.743473465234375269e-02
7.394020000000000037e-01 3.934613908159722423e-02
7.238459999999999894e-01 4.120904931925154641e-02
7.082910000000000039e-01 4.302427824647955812e-02
6.927349999999999897e-01 4.479100998143326073e-02
6.771810000000000329e-01 4.650912509833140390e-02
6.616279999999999939e-01 4.817686940663580553e-02
6.460780000000000411e-01 4.979507678993055214e-02
6.305300000000000349e-01 5.136199455536265279e-02
6.149869999999999504e-01 5.287663477194251560e-02
5.994469999999999521e-01 5.433818154856288885e-02
5.839119999999999866e-01 5.574568975000000065e-02
5.683829999999999716e-01 5.709825403698881585e-02
5.528610000000000468e-01 5.839497505203510713e-02
5.373449999999999616e-01 5.963320905550732742e-02
5.218369999999999953e-01 6.081293633444251334e-02
5.063379999999999548e-01 6.193147095659722046e-02
4.908489999999999798e-01 6.298703294748264625e-02
4.753709999999999880e-01 6.397874828120178603e-02
4.599039999999999795e-01 6.490486622222221835e-02
4.444500000000000117e-01 6.576180427758487879e-02
4.290089999999999737e-01 6.654782057865547829e-02
4.135840000000000072e-01 6.726203455555555821e-02
3.981759999999999744e-01 6.790000622222222559e-02
3.827860000000000151e-01 6.845910145659722668e-02
3.674160000000000204e-01 6.893758355246913661e-02
3.520679999999999921e-01 6.933192755478395641e-02
3.367439999999999878e-01 6.963862021913580502e-02
3.214469999999999827e-01 6.985325596985918206e-02
3.061789999999999790e-01 6.997324926499808029e-02
2.909450000000000092e-01 6.999332294439622459e-02
2.757459999999999911e-01 6.990512942729593115e-02
2.605890000000000151e-01 6.961615110937499629e-02
2.454770000000000008e-01 6.908894976753826578e-02
2.304190000000000127e-01 6.832061110937499848e-02
2.154200000000000004e-01 6.730479681122449043e-02
2.004910000000000025e-01 6.603655781855867490e-02
1.856420000000000015e-01 6.451219535586734388e-02
1.708890000000000131e-01 6.272429568845663828e-02
1.562520000000000020e-01 6.066724709693877005e-02
1.417549999999999921e-01 5.833741427774234711e-02
1.274349999999999927e-01 5.572968085937500538e-02
1.133470000000000033e-01 5.284394285427296278e-02
9.957000000000000572e-02 4.968564614158163528e-02
8.623200000000000309e-02 4.627431140816326560e-02
7.352000000000000202e-02 4.265747755102040906e-02
6.169700000000000184e-02 3.891850771396683506e-02
5.105200000000000016e-02 3.518273587244898082e-02
4.180699999999999694e-02 3.158799347927295637e-02
3.401400000000000257e-02 2.823920248852040960e-02
2.755799999999999916e-02 2.517820198852040517e-02
2.223299999999999929e-02 2.239665539253826720e-02
1.782600000000000157e-02 1.985968575382653090e-02
1.415100000000000038e-02 1.752280880070153368e-02
1.106500000000000018e-02 1.534415133131377534e-02
8.463999999999999302e-03 1.328848440816326505e-02
6.270999999999999665e-03 1.132588142825255093e-02
4.438000000000000105e-03 9.432519437499998355e-03
2.935000000000000109e-03 7.591760259885203983e-03
1.747000000000000072e-03 5.795591068558673606e-03
8.710000000000000294e-04 4.047793800701530303e-03
3.029999999999999924e-04 2.360777867028061427e-03
3.199999999999999855e-05 7.590139591836733571e-04
3.199999999999999855e-05 -7.475860408163265093e-04
3.029999999999999924e-04 -2.252622132971938713e-03
8.710000000000000294e-04 -3.737206199298469516e-03
1.747000000000000072e-03 -5.173608931441326525e-03
2.935000000000000109e-03 -6.549039740114796261e-03
4.438000000000000105e-03 -7.860080562499999896e-03
6.270999999999999665e-03 -9.111318571747448192e-03
8.463999999999999302e-03 -1.031131559183673559e-02
1.106500000000000018e-02 -1.147044866868622559e-02
1.415100000000000038e-02 -1.259659119929847082e-02
1.782600000000000157e-02 -1.369591424617346877e-02
2.223299999999999929e-02 -1.477154460746173820e-02
2.755700000000000163e-02 -1.582055900797193701e-02
3.401400000000000257e-02 -1.682919751147959192e-02
4.180699999999999694e-02 -1.777160652072704017e-02
5.105200000000000016e-02 -1.861206412755101944e-02
6.169700000000000184e-02 -1.931149228603316198e-02
7.352000000000000202e-02 -1.984752244897959594e-02
8.623100000000000209e-02 -2.021961216868622957e-02
9.957000000000000572e-02 -2.044775385841836671e-02
1.133470000000000033e-01 -2.055645714572704522e-02
1.274349999999999927e-01 -2.057411914062500305e-02
1.417549999999999921e-01 -2.052598572225765305e-02
1.562510000000000010e-01 -2.043363182429847047e-02
1.708890000000000131e-01 -2.031690431154337118e-02
1.856420000000000015e-01 -2.019040464413265554e-02
2.004900000000000015e-01 -2.006829288903060754e-02
2.154200000000000004e-01 -1.996460318877550655e-02
2.304180000000000117e-01 -1.988842051147958825e-02
2.454770000000000008e-01 -1.984905023246173392e-02
2.605890000000000151e-01 -1.985644889062499613e-02
2.757459999999999911e-01 -1.991667057270408298e-02
2.909439999999999804e-01 -2.000487599999999783e-02
3.061789999999999790e-01 -2.003935073500193523e-02
3.214469999999999827e-01 -2.001894403014081725e-02
3.367439999999999878e-01 -1.994917978086420060e-02
3.520679999999999921e-01 -1.983287244521604945e-02
3.674160000000000204e-01 -1.967461644753086547e-02
3.827860000000000151e-01 -1.947809854340278035e-02
3.981759999999999744e-01 -1.924699377777777665e-02
4.135840000000000072e-01 -1.898316544444443935e-02
4.290089999999999737e-01 -1.868937942134451732e-02
4.444489999999999830e-01 -1.837017986115933171e-02
4.599030000000000062e-01 -1.802651642597414769e-02
4.753709999999999880e-01 -1.766025171879822414e-02
4.908489999999999798e-01 -1.727496705251735723e-02
5.063379999999999548e-01 -1.687252904340277512e-02
5.218369999999999953e-01 -1.645386366555748325e-02
5.373449999999999616e-01 -1.602079094449266813e-02
5.528600000000000181e-01 -1.557599863040123184e-02
5.683829999999999716e-01 -1.511954596301118628e-02
5.839119999999999866e-01 -1.465411024999999784e-02
5.994469999999999521e-01 -1.418061845143711586e-02
6.149860000000000326e-01 -1.369993291840277544e-02
6.305300000000000349e-01 -1.321300544463734072e-02
6.460780000000000411e-01 -1.272072321006944423e-02
6.616279999999999939e-01 -1.222393059336419896e-02
6.771810000000000329e-01 -1.172447490166859257e-02
6.927349999999999897e-01 -1.122139001856674312e-02
7.082899999999999752e-01 -1.071648044463734475e-02
7.238459999999999894e-01 -1.020975068074845421e-02
7.394020000000000037e-01 -9.702060918402777637e-03
7.549569999999999892e-01 -9.192465347656249633e-03
7.705109999999999459e-01 -8.682759467640813189e-03
7.860629999999999562e-01 -8.171989967640813993e-03
8.016130000000000200e-01 -7.660147847656249842e-03
8.171589999999999687e-01 -7.148020490017358008e-03
8.327029999999999710e-01 -6.634796518566739992e-03
8.482410000000000228e-01 -6.121147708381560401e-03
8.637740000000000418e-01 -5.605303389081791807e-03
8.792999999999999705e-01 -5.088925482253083173e-03
8.948139999999999983e-01 -4.569886043402775731e-03
9.103059999999999485e-01 -4.048423265624994868e-03
9.257490000000000441e-01 -3.526356857687116229e-03
9.410680000000000156e-01 -3.004085562500001527e-03
9.560800000000000409e-01 -2.488025000000002648e-03
9.703760000000000163e-01 -1.991899410493828699e-03
9.832619999999999694e-01 -1.539449722415121456e-03
9.940630000000000299e-01 -1.157208177517363070e-03
1.000000000000000000e+00 -9.449999999999999850e-04
